0.627062500000000	0.988312500000000	0.335312500000000	0.254375000000000	0.614000000000000	0.487312500000000	


1.02637500000000	1.02806250000000	1.29143750000000	1.10950000000000	0.487937500000000	0.891062500000000	
0.494937500000000	0.845312500000000	0.670000000000000	0.777937500000000	0.496562500000000	0.834687500000000	
1.48406250000000	1.48875000000000	0.571875000000000	0.224000000000000	0.804625000000000	1.35000000000000	
0.761562500000000	1.06231250000000	0.216000000000000	0.207812500000000	0.170875000000000	0.468375000000000














0.584250000000000	0.734750000000000	0.385125000000000	0.478687500000000	0.583750000000000	0.452062500000000	
1.05793750000000	0.978625000000000	1.61781250000000	1.09618750000000	0.936312500000000	0.908812500000000	
0.559937500000000	0.848125000000000	0.704312500000000	1.15243750000000	0.495562500000000	0.779875000000000	
1.46356250000000	1.41925000000000	0.553562500000000	0.181875000000000	1.13825000000000	1.34562500000000	
0.817687500000000	0.932500000000000	0.237187500000000	0.114562500000000	0.171062500000000	0.491437500000000



0.136403632653690	0.171044045876137	0.164916955045568	0.182034799770285	0.202432339750585	0.172250005952355	
0.287811776996129	0.218188749977837	0.275361235561965	0.204599698165762	0.172716132362812	0.193437602726668	
0.139288137919950	0.185313112950991	0.207556835247082	0.207236349381696	0.239654614813714	0.212056950188366	
0.310613032589641	0.203717592753560	0.176459711614765	0.216738696917980	0.252595833905816	0.290193299112614	
0.174951247588783	0.175821944671786	0.0624274252784480	0.0673418507062060	0.0751120504255923	0.0865377746038297




1119.07763039078	804.882852721950	2165.17129920556	2403.51406327860	1943.17735842238	1958.36184965498	
1892.42164691122	2448.35546194145	2654.61810976811	3226.83504534870	2606.51688929546	2240.11158874066	
1480.83772483896	2157.47685088396	2297.64269023219	2947.25080174767	2542.30172681112	2990.68272381882	
2109.98172772683	2456.82121523482	1657.40828332595	2184.24743488312	2237.74797747002	2347.77702693163	
517.268571760753	1015.58408952668	1010.44620910566	1803.49468466004	1283.54954049868	1766.07854709035



