
DNN1 action
1.0
1.0
0.9916666666666667
0.9915966386554622
1.0
1.0
0.975
0.9915966386554622
1.0
0.9916666666666667
0.8
1.0
DNN1 attention
0.95
0.9416666666666667
0.9416666666666667
0.9327731092436975
0.9166666666666666
0.8333333333333334
0.9166666666666666
0.8823529411764706
0.8416666666666667
0.875
0.95
0.8583333333333333
DNN1 rm
0.8833333333333333
0.9
0.9
0.8739495798319328
0.6583333333333333
0.8666666666666667
0.6333333333333333
0.907563025210084
0.9083333333333333
0.85
0.8833333333333333
0.8166666666666667
