user1
0.9916666666666667	0.975	0.9916666666666667
user2
0.9833333333333333	0.9333333333333333	0.9166666666666666
user3
0.9833333333333333	0.975	0.9416666666666667
user4
1.0	0.9747899159663865	0.9243697478991597
user5
0.9916666666666667	0.9083333333333333	0.975
user6
1.0	0.8833333333333333	0.9333333333333333
user7
1.0	0.9833333333333333	0.925
user8
0.9831932773109243	0.9411764705882353	0.865546218487395
user9
0.9833333333333333	0.95	0.925
user10
0.9833333333333333	0.9416666666666667	0.9
user11
0.9916666666666667	0.9666666666666667	0.9833333333333333
user12
0.4166666666666667	0.7708333333333334	0.8958333333333334
user13
1.0	0.9	0.9916666666666667

mind effort all
precision 0.9523809523809523	0.9642857142857143	0.9672131147540983	1.0	0.8888888888888888	0.9423076923076923	1.0	0.9482758620689655	0.9354838709677419	0.9344262295081968	0.9666666666666667	0.875	mind effort
specificity 1.0	0.90625	0.9830508474576272	0.9523809523809523	0.9298245614035088	0.8382352941176471	0.967741935483871	0.9344262295081968	0.9655172413793104	0.9491525423728814	0.9666666666666667	0.9285714285714286Action Confusion Matrix
mind effort RM 67
precision 0.8695652173913043	1.0	1.0	1.0	0.8636363636363636	1.0	1.0	0.9473684210526315	0.8695652173913043	1.0	0.95	0.8260869565217391
specificity 1.0	0.9523809523809523	1.0	0.9523809523809523	0.9444444444444444	0.8333333333333334	0.9523809523809523	0.9047619047619048	1.0	1.0	0.95	0.9411764705882353
mind effort RM 85
1.0, 0.9047619047619048, 1.0, 1.0, 0.9473684210526315, 1.0, 1.0, 0.95, 1.0, 0.8333333333333334, 0.9523809523809523, 0.85
1.0, 0.9473684210526315, 1.0, 0.9523809523809523, 0.9047619047619048, 0.8333333333333334, 1.0, 0.95, 0.9523809523809523, 1.0, 1.0, 0.85

RM
accuracy 0.9916666666666667	0.9166666666666666	0.9416666666666667	0.9243697478991597	0.975	0.9333333333333333	0.925	0.865546218487395	0.925	0.9	0.9833333333333333	0.9916666666666667

Action Confusion Matrix
user1
[24  0  0  0  0]
[ 0 24  0  0  0]
[ 0  0 24  0  0]
[ 1  0  0 23  0]
[ 0  0  0  0 24]
user2
[24  0  0  0  0]
[ 0 24  0  0  0]
[ 1  1 22  0  0]
[ 0  0  0 24  0]
[ 0  0  0  0 24]
user3
[23  0  1  0  0]
[ 0 24  0  0  0]
[ 1  0 23  0  0]
[ 0  0  0 24  0]
[ 0  0  0  0 24]
user4
[24  0  0  0  0]
[ 0 24  0  0  0]
[ 0  0 24  0  0]
[ 0  0  0 24  0]
[ 0  0  0  0 23]
user5
[23  0  0  0  1]
[ 0 24  0  0  0]
[ 0  0 24  0  0]
[ 0  0  0 24  0]
[ 0  0  0  0 24]
user6
[24  0  0  0  0]
[ 0 24  0  0  0]
[ 0  0 24  0  0]
[ 0  0  0 24  0]
[ 0  0  0  0 24]
user7
[24  0  0  0  0]
[ 0 24  0  0  0]
[ 0  0 24  0  0]
[ 0  0  0 24  0]
[ 0  0  0  0 24]
user8
[24  0  0  0  0]
[ 0 24  0  0  0]
[ 0  1 22  1  0]
[ 0  0  0 24  0]
[ 0  0  0  0 23]
user9
[23  0  0  0  1]
[ 0 24  0  0  0]
[ 1  0 23  0  0]
[ 0  0  0 24  0]
[ 0  0  0  0 24]
user10
[22  0  2  0  0]
[ 0 24  0  0  0]
[ 0  0 24  0  0]
[ 0  0  0 24  0]
[ 0  0  0  0 24]
user11
[24  0  0  0  0]
[ 0 24  0  0  0]
[ 0  0 24  0  0]
[ 0  0  0 23  1]
[ 0  0  0  0 24]
user13
[24  0  0  0  0]
[ 0 24  0  0  0]
[ 0  0 24  0  0]
[ 0  0  0 24  0]
[ 0  0  0  0 24]

RM Confusion Matrix
user1
[39  1  0]
[ 0 40  0]
[ 0  0 40]
user2
[36  1  3]
[ 1 34  5]
[ 0  0 40]
user3
[38  1  1]
[ 1 37  2]
[ 1  1 38]
user4
[39  0  0]
[ 1 34  5]
[ 0  3 37]
user5
[39  0  1]
[ 0 39  1]
[ 0  1 39]
user6
[38  2  0]
[ 0 37  3]
[ 0  3 37]
user7
[37  1  2]
[ 1 36  3]
[ 1  1 38]
user8
[37  1  1]
[ 2 35  3]
[ 0  9 31]
user9
[36  2  2]
[ 2 37  1]
[ 2  0 38]
user10
[38  2  0]
[ 1 34  5]
[ 1  3 36]
user11
[40  0  0]
[ 0 39  1]
[ 0  1 39]
user13
[39  1  0]
[ 0 40  0]
[ 0  0 40]


mind effort confusion_matrix
[[24,0,0,0,0][0,24,0,0,0][0,0,24,0,0][1,0,0,23,0][0,0,0,0,24]]
[[24,0,0,0,0][0,24,0,0,0][1,1,22,0,0][0,0,0,24,0][0,0,0,0,24]]
[[23,0,1,0,0][0,24,0,0,0][1,0,23,0,0][0,0,0,24,0][0,0,0,0,24]]
[[24,0,0,0,0][0,24,0,0,0][0,0,24,0,0][0,0,0,24,0][0,0,0,0,23]]
[[23,0,0,0,1][0,24,0,0,0][0,0,24,0,0][0,0,0,24,0][0,0,0,0,24]]
[[24,0,0,0,0][0,24,0,0,0][0,0,24,0,0][0,0,0,24,0][0,0,0,0,24]]
[[24,0,0,0,0][0,24,0,0,0][0,0,24,0,0][0,0,0,24,0][0,0,0,0,24]]
[[24,0,0,0,0][0,24,0,0,0][0,1,22,1,0][0,0,0,24,0][0,0,0,0,23]]
[[23,0,0,0,1][0,24,0,0,0][1,0,23,0,0][0,0,0,24,0][0,0,0,0,24]]
[[22,0,2,0,0][0,24,0,0,0][0,0,24,0,0][0,0,0,24,0][0,0,0,0,24]]
[[24,0,0,0,0][0,24,0,0,0][0,0,24,0,0][0,0,0,23,1][0,0,0,0,24]]
[[24,0,0,0,0][0,24,0,0,0][0,0,24,0,0][0,0,0,24,0][0,0,0,0,24]]
RM confusion_matrix
[[39,1,0,][0,40,0,][0,0,40,]]
[[36,1,3,][1,34,5,][0,0,40,]]
[[38,1,1,][1,37,2,][1,1,38,]]
[[39,0,0,][1,34,5,][0,3,37,]]
[[39,0,1,][0,39,1,][0,1,39,]]
[[38,2,0,][0,37,3,][0,3,37,]]
[[37,1,2,][1,36,3,][1,1,38,]]
[[37,1,1,][2,35,3,][0,9,31,]]
[[36,2,2,][2,37,1,][2,0,38,]]
[[38,2,0,][1,34,5,][1,3,36,]]
[[40,0,0,][0,39,1,][0,1,39,]]
[[39,1,0,][0,40,0,][0,0,40,]]


RM confusion_matrix no attention
[[20,0,0,][0,20,0,][0,0,20,]]
[[19,0,1,][1,18,1,][0,0,20,]]
[[18,1,1,][1,19,0,][0,1,19,]]
[[20,0,0,][0,20,0,][0,0,20,]]
[[20,0,0,][0,19,1,][0,0,20,]]
[[20,0,0,][0,20,0,][0,1,19,]]
[[18,1,1,][1,18,1,][0,1,19,]]
[[19,1,0,][1,18,1,][0,4,16,]]
[[18,0,2,][1,18,1,][2,0,18,]]
[[18,2,0,][1,18,1,][0,2,18,]]
[[20,0,0,][0,19,1,][0,0,20,]]
[[20,0,0,][0,20,0,][0,0,20,]]

RM confusion_matrix attention
[[19,1,0,][0,20,0,][0,0,20,]]
[[17,1,2,][0,16,4,][0,0,20,]]
[[20,0,0,][0,18,2,][1,0,19,]]
[[19,0,0,][1,14,5,][0,3,17,]]
[[19,0,1,][0,20,0,][0,1,19,]]
[[18,2,0,][0,17,3,][0,2,18,]]
[[19,0,1,][0,18,2,][1,0,19,]]
[[18,0,1,][1,17,2,][0,5,15,]]
[[18,2,0,][1,19,0,][0,0,20,]]
[[20,0,0,][0,16,4,][1,1,18,]]
[[20,0,0,][0,20,0,][0,1,19,]]
[[19,1,0,][0,20,0,][0,0,20,]]

