user1
0.9666666666666667	0.9416666666666667	0.8416666666666667
user2
0.9833333333333333	0.8416666666666667	0.7416666666666667
user3
0.9583333333333334	0.8416666666666667	0.8916666666666667
user4
0.9747899159663865	0.7815126050420168	0.8235294117647058
user5
1.0	0.7916666666666666	0.9833333333333333
user6
0.9916666666666667	0.7416666666666667	0.8916666666666667
user7
0.9666666666666667	0.85	0.8666666666666667
user8
0.9915966386554622	0.8151260504201681	0.907563025210084
user9
1.0	0.725	0.825
user10
0.9666666666666667	0.7833333333333333	0.6416666666666667
user11
0.9916666666666667	0.8333333333333334	0.9083333333333333
user12
0.9791666666666666	0.6666666666666666	0.8333333333333334
user13
1.0	0.8583333333333333	0.8583333333333333
all
0.9235048678720446	0.7628650904033379	0.7127955493741307
